trade_company_north_lemuria = {
	color = { 66 134 244 }
	
	provinces = {
		5033 4653 4652 5034 5035
        4654 5038 5036 5037
        5039 5040 5042
        5041 5043 5045 5044 4650
        5048 4649 5047 5046
        4651 5053 5054 4656
        5055 5058 4657 5056
        5059 5057 4568 4655
        5050 5049 4646 4648 5061
        4647 5051 5052 5060
        5069 4644 5063 5062 4645
        5064 5066 5065 5067 4567
        5100 5101 5103 5104 5102
        5105 5109 5106 5107
        5113 5112 5122 5099
        5110 5111 5108 5114
        5115 5123 5124 5116
        5117 5125 5127 5118 5119
        5126 5121 5120 
	}
    
	# Generic
	names = {
		name = "TRADE_COMPANY_NORTH_LEMURIA_Root_Culture_GetName"
	}
}

trade_company_central_lemuria = {
	color = { 66 244 238 }
	
	provinces = {
        5070 5160 5161 5071 4643
		5162 5164 5153 5159 5146
        4669 5149 5148 4618 5147
        4954 5145 5152 5144 4965
        5151 5156 5155 5154
        5096 5068 5098 5097
        5157 5143 5158 5095
        5140 5094 4623 5139
        5137 5093 5092 5091
        4628 5138 5136 4627
        4626 4625 5135 5207 5208
	}
    
	# Generic
	names = {
		name = "TRADE_COMPANY_CENTRAL_LEMURIA_Root_Culture_GetName"
	}
}

trade_company_east_lemuria = {
	color = { 66 244 143 }
	
	provinces = {
		4611 5072 5075 5073 5074
        4608 4609 4610 4612
        5077 5076 5078 5163
        5169 5168 5166 5165
        5201 5203 5170 5202
        4953 5204 4951 4659 4631
        4960 5150 4956 4561
        5199 5200 5198 5196 5197
        5193 4617 5167 5194
        5190 5189 5182 5186 5185
        4640 5183 5178 4630
        5188 5187 5191 5192 5195
        5173 5176 4621 5172
        5179 5180 5181 5184
        4620 5171 4615 4607 5174
        4963 4964 5175 5177
	}
    
	# Generic
	names = {
		name = "TRADE_COMPANY_EAST_LEMURIA_Root_Culture_GetName"
	}
}

trade_company_west_lemuria = {
	color = { 119 244 66 }
	
	provinces = {
		5230 5229 4624 5231 5228
        4582 5235 5234 5233 4663
        4658 4586 4587 4583 4596
        4588 4589 4590
        4594 5236 4595 4591
        5232 5227 4597
        5210 5220 5216 5219 5218
        5222 5226 5223 5224 5225
        5134 5206 5209 5205 5221
        4599 4601 4598 4600
        5142 5141 5211 5212 5215
        5079 5080 5214 5081
        5131 5213 5088 5129
        5133 5090 5089 5132
        5083 5128 5130 5082
        5087 5085 5086 5084
	}
    
	# Generic
	names = {
		name = "TRADE_COMPANY_WEST_LEMURIA_Root_Culture_GetName"
	}
}

trade_company_south_lemuria = {
	color = { 226 244 66 }
	
	provinces = {
		4639 4629 4637 4636 4635
        4952 4564 4955 4613 4563
        4667 4957 4632 4633 4634
        4614 4968 4668
        4562 4558 4559 4560
        4557 4555 4556
        4554 4661 4666 4571
        4585 4638 4664 4665 
        4605 4604 4641 4602
        4592 4593 4579 4606 4603
        4577 4572 4580 4573
        4570 4569 4578
        4616 4619 4642 4566 4565
        4962 4670 4967
        4576 4660 4575
        4662 4574 4961 4966 4581
        
	}
    
	# Generic
	names = {
		name = "TRADE_COMPANY_SOUTH_LEMURIA_Root_Culture_GetName"
	}
}



