antillia_group = {
    5587 5588 5589 5590 5591 5592 5593 5594 5595 5596 5597 5598 5599 5600 5601 5602
}

north_lemuria_group = {
    5033 4653 4652 5034 5035
    4654 5038 5036 5037
    5039 5040 5042
    5041 5043 5045 5044 4650
    5048 4649 5047 5046
    4651 5053 5054 4656
    5055 5058 4657 5056
    5059 5057 4568 4655
    5050 5049 4646 4648 5061
    4647 5051 5052 5060
    5069 4644 5063 5062 4645
    5064 5066 5065 5067 4567
    5100 5101 5103 5104 5102
    5105 5109 5106 5107
    5113 5112 5122 5099
    5110 5111 5108 5114
    5115 5123 5124 5116
    5117 5125 5127 5118 5119
    5126 5121 5120 
}

central_lemuria_group = {
    5070 5160 5161 5071 4643
    5162 5164 5153 5159 5146
    4669 5149 5148 4618 5147
    4954 5145 5152 5144 4965
    5151 5156 5155 5154
    5096 5068 5098 5097
    5157 5143 5158 5095
    5140 5094 4623 5139
    5137 5093 5092 5091
    4628 5138 5136 4627
    4626 4625 5135 5207 5208
}

east_lemuria_group = {
    4611 5072 5075 5073 5074
    4608 4609 4610 4612
    5077 5076 5078 5163
    5169 5168 5166 5165
    5201 5203 5170 5202
    4953 5204 4951 4659 4631
    4960 5150 4956 4561
    5199 5200 5198 5196 5197
    5193 4617 5167 5194
    5190 5189 5182 5186 5185
    4640 5183 5178 4630
    5188 5187 5191 5192 5195
    5173 5176 4621 5172
    5179 5180 5181 5184
    4620 5171 4615 4607 5174
    4963 4964 5175 5177
}

west_lemuria_group = {
    5230 5229 4624 5231 5228
    4582 5235 5234 5233 4663
    4658 4586 4587 4583 4596
    4588 4589 4590
    4594 5236 4595 4591
    5232 5227 4597
    5210 5220 5216 5219 5218
    5222 5226 5223 5224 5225
    5134 5206 5209 5205 5221
    4599 4601 4598 4600
    5142 5141 5211 5212 5215
    5079 5080 5214 5081
    5131 5213 5088 5129
    5133 5090 5089 5132
    5083 5128 5130 5082
    5087 5085 5086 5084
}

south_lemuria_group = {
    4639 4629 4637 4636 4635
    4952 4564 4955 4613 4563
    4667 4957 4632 4633 4634
    4614 4968 4668
    4562 4558 4559 4560
    4557 4555 4556
    4554 4661 4666 4571
    4585 4638 4664 4665 
    4605 4604 4641 4602
    4592 4593 4579 4606 4603
    4577 4572 4580 4573
    4570 4569 4578
    4616 4619 4642 4566 4565
    4962 4670 4967
    4576 4660 4575
    4662 4574 4961 4966 4581
}

lemuria_group = {
    5100 5101 5103 5104 5102
    5105 5109 5106 5107
    5110 5111 5108 5114
    5113 5112 5122 5099
    5115 5123 5124 5116
    5126 5121 5120 
    5117 5125 5127 5118 5119
    5033 4653 4652 5034 5035
    4654 5038 5036 5037
    5039 5040 5042
    5041 5043 5045 5044 4650
    5048 4649 5047 5046
    4651 5053 5054 4656
    4647 5051 5052 5060
    5050 5049 4646 4648 5061
    5059 5057 4568 4655
    5055 5058 4657 5056
    5069 4644 5063 5062 4645
    5064 5066 5065 5067 4567
    4611 5072 5075 5073 5074
    5070 5160 5161 5071 4643
    5096 5068 5098 5097
    5151 5156 5155 5154
    5157 5143 5158 5095
    5140 5094 4623 5139
    4628 5138 5136 4627
    5137 5093 5092 5091
    5133 5090 5089 5132
    5131 5213 5088 5129
    5087 5085 5086 5084
    5083 5128 5130 5082
    5079 5080 5214 5081
    5142 5141 5211 5212 5215
    4599 4601 4598 4600
    5232 5227 4597
    4594 5236 4595 4591
    4588 4589 4590
    4658 4586 4587 4583 4596
    4582 5235 5234 5233 4663
    5230 5229 4624 5231 5228
    4626 4625 5135 5207 5208
    5134 5206 5209 5205 5221
    5210 5220 5216 5219 5218
    5222 5226 5223 5224 5225
    4662 4574 4961 4966 4581
    4576 4660 4575
    4962 4670 4967
    4616 4619 4642 4566 4565
    4577 4572 4580 4573
    4570 4569 4578
    4592 4593 4579 4606 4603
    4605 4604 4641 4602
    4585 4638 4664 4665 
    4554 4661 4666 4571
    4557 4555 4556
    4562 4558 4559 4560
    4614 4968 4668
    4952 4564 4955 4613 4563
    4667 4957 4632 4633 4634
    4639 4629 4637 4636 4635
    4963 4964 5175 5177
    4640 5183 5178 4630
    5179 5180 5181 5184
    4620 5171 4615 4607 5174
    5173 5176 4621 5172
    4608 4609 4610 4612
    5190 5189 5182 5186 5185
    5188 5187 5191 5192 5195
    5193 4617 5167 5194
    5077 5076 5078 5163
    5199 5200 5198 5196 5197
    4953 5204 4951 4659 4631
    4960 5150 4956 4561
    5201 5203 5170 5202
    4669 5149 5148 4618 5147
    5169 5168 5166 5165
    5162 5164 5153 5159 5146
    4954 5145 5152 5144 4965
}

north_mu_group = {
    5416 5404 5402 5407
    5315 5313 5316 5314 5312
    5405 5403 4767 5397 4766
    5398 5396 5434 5433 5432
    4765 5435 5436 4764 5437
    5431 5438 5430 5429 5428
    4763 4762 5451 4761 
    5452 5453 5454 5427 5426 
    5456 5425 5424 5457
    4760 5455 4759 5458
    5460 4758 5462 4757
    5421 5464 5461 5459 5423
    5463 5467 4756 4755 
    5310 5309 5311
    5422 5420 5465 5466
    4899 4898 4897 5468
    5469 5470 5471 4754 
    4753 5474 5472 5473 
    4896 5475 5476 4895 5479
    4894 5481 5490 5492 5489
    4750 4752 4751 5477 5478
    5483 5488 5482 5491 5480
}

south_mu_group = {
    5401 5400 5399 5494
    4802 4803 4804 4805
    5497 5496 5499 5500 
    5413 5415 5406 5357
    5498 5441 5442 5501 5443
    5506 5504 5502 5503 5507
    5515 5505 5514 5516
    5513 5518 5517 5519 5512
    5536 5535 5534 5533
    4808 4807 4806 5544
    5543 5541 5539 5540 5542
    4811 4810 5553 5549 4809
    5559 5560 5555 5554 5548
    5531 5545 5547 5546 5532
    4813 4814 5550 4812 5551
    4816 4815 5561 5552 5562
    5529 5557 5556 5531
    5525 5527 5573 5526
    4822 4823 5582 5583
    4821 4820 4819 5580
    5572 5585 5581 5584
    5576 5578 5579 5586
    4826 4825 5577 4824
    5305 5306 5308 5307
    5304 5303 5302 
    4828 5568 5570 5571 4827
    5564 4830 5567 5566 4829
    5521 5563 5522 5565 5523
    4832 4831 5520 5537 5538
    5508 5511 5450 5509
    5448 5444 5447 4835
    5446 5445 4836 5417 4837
    5418 5419 4900 4838
    4839 4840 4903 4902 4901
    4904 4905 4910
    4842 4841 5240 5237
    5241 5239 5238 4911
    5243 5242 5246 5247 5248
    4844 4845 4843 5244
    4846 4848 4847 5245 5295
    5294 5297 5296 4849 4850
    5299 5298 5249 5250 5300
    4833 4834 5510 5449
    5493 5439 5440 5495
    5524 5569 5574 5575
    4818 5528 5530 5558 4817
}

east_mu_group = {
    4786 4787 5390 4785 5388
    5384 4782 4783 4784 4781
    5386 5389 5350 5387
    5349 5392 5393 5391 5394
    5395 5348 4788 4789
    5345 4790 5347 4791 
    5331 5330 4792 4793 4794
    4795 4796 4797
    5346 5344 5332 5335
    5351 5343 5341 5334
    5375 5373 5385
    5379 5381 5383 5382
    4780 4779 4778 5371 5372
    5370 4777 4776 5369 5374
    4774 4773 4775 4772 5365
    5364 4771 5362 4770 5360
    5342 5380 5352 5378 5353
    5366 5367 5376 5368 5377
    5354 5363 5355 5361 5356
    5333 5336 5337 5340
    5339 5338 5411 5412 
    4798 4799 4800 4801
    5414 5409 5410 5408
    5413 5415 5406 5357
    5359 4769 5358 4768
    5324 5320 5319
    5321 5322 5323
    5318 5327 5326 5325 5317
}

west_mu_group = {
    5293 5251 5290 5291
    4851 5301 5292 4852 
    4853 5288 5284 4855 4854
    5283 5286 5280 4857 4856
    5285 5289 5281 5279 5282
    5271 5272 5287 5270
    4858 4859 4860 5269 5273
    4861 5268 5278 4862
    4863 4865 4866 4864 5265
    4867 4868 5263 5266 5264
    5267 5274 5262 5275 5261
    5260 5256 5257 4888
    4891 5254 5255 4890
    4889 4887 5484 5485 5328
    5486 5329 5487 4893 4892
    4877 4747 4748 4749
    4880 4882 4876 4875
    4883 4884 5258 4886 4885
    4914 4915 4916 4721 4720
    4926 4930 4933 4932 
    4919 4925 4924 4923
    4719 4718 1240
    4728 4738 4741 4737 4742
    4745 4743 4873 4746
    4734 4869 4739 4732 4729
    4725 4724 4722 4726 4723
    4730 4733 4731 4727
    5252 5253 5259 5276 5277
    4877 4747 4748 4749
    4736 4881 4879 4871 4735
    4870 4872 4878 4874 
}

mu_group = {
    4718 4719 4720 4721 4722 4723 4724 4725 4726 4727 4728 4729 4730 4731 4732 4733 4734 4735 4736 4737 4738 4739 4740 4741 4742 4743 4745 4746 4747 4748 4749 4750 4751 4752 4753 4754 4755 4756 4757 4758 4759 4760 4761 4762 4763 4764 4765 4766 4767 4768 4769 4770 4771 4772 4773 4774 4775 4776 4777 4778 4779 4780 4781 4782 4783 4784 4785 4786 4787 4788 4789 4790 4791 4792 4793 4794 4795 4796 4797 4798 4799 4800 4801 4802 4803 4804 4805 4806 4807 4808 4809 4810 4811 4812 4813 4814 4815 4816 4817 4818 4819 4820 4821 4822 4823 4824 4825 4826 4827 4828 4829 4830 4831 4832 4833 4834 4835 4836 4837 4838 4839 4840 4841 4842 4843 4844 4845 4846 4847 4848 4849 4850 4851 4852 4853 4854 4855 4856 4857 4858 4859 4860 4861 4862 4863 4864 4865 4866 4867 4868 4869 4870 4871 4872 4873 4874 4875 4876 4877 4878 4879 4880 4881 4882 4883 4884 4885 4886 4887 4888 4889 4890 4891 4892 4893 4894 4895 4896 4897 4898 4899 4900 4901 4902 4903 4904 4905
    
    4910 4911
    
    5237 5238 5239 5240 5241 5242 5243 5244 5245 5246 5247 5248 5249 5250 5251 5252 5253 5254 5255 5256 5257 5258 5259 5260 5261 5262 5263 5264 5265 5266 5267 5268 5269 5270 5271 5272 5273 5274 5275 5276 5277 5278 5279 5280 5281 5282 5283 5284 5285 5286 5287 5288 5289 5290 5291 5292 5293 5294 5295 5296 5297 5298 5299 5300 5301 5302 5303 5304 5305 5306 5307 5308 5309 5310 5311 5312 5313 5314 5315 5316 5317 5318 5319 5320 5321 5322 5323 5324 5325 5326 5327 5328 5329 5330 5331 5332 5333 5334 5335 5336 5337 5338 5339 5340 5341 5342 5343 5344 5345 5346 5347 5348 5349 5350 5351 5352 5353 5354 5355 5356 5357 5358 5359 5360 5361 5362 5363 5364 5365 5366 5367 5368 5369 5370 5371 5372 5373 5374 5375 5376 5377 5378 5379 5380 5381 5382 5383 5384 5385 5386 5387 5388 5389 5390 5391 5392 5393 5394 5395 5396 5397 5398 5399 5400 5401 5402 5403 5404 5405 5406 5407 5408 5409 5410 5411 5412 5413 5414 5415 5416 5417 5418 5419 5420 5421 5422 5423 5424 5425 5426 5427 5428 5429 5430 5431 5432 5433 5434 5435 5436 5437 5438 5439 5440 5441 5442 5443 5444 5445 5446 5447 5448 5449 5450 5451 5452 5453 5454 5455 5456 5457 5458 5459 5460 5461 5462 5463 5464 5465 5466 5467 5468 5469 5470 5471 5472 5473 5474 5475 5476 5477 5478 5479 5480 5481 5482 5483 5484 5485 5486 5487 5488 5489 5490 5491 5492 5493 5494 5495 5496 5497 5498 5499 5500 5501 5502 5503 5504 5505 5506 5507 5508 5509 5510 5511 5512 5513 5514 5515 5516 5517 5518 5519 5520 5521 5522 5523 5524 5525 5526 5527 5528 5529 5530 5531 5532 5533 5534 5535 5536 5537 5538 5539 5540 5541 5542 5543 5544 5545 5546 5547 5548 5549 5550 5551 5552 5553 5554 5555 5556 5557 5558 5559 5560 5561 5562 5563 5564 5565 5566 5567 5568 5569 5570 5571 5572 5573 5574 5575 5576 5577 5578 5579 5580 5581 5582 5583 5584 5585 5586
    
    4906 4907 4908 4909
    4500 
}

atlantis_group = {
    4547 4548 4545 4543 4546
    4544 4541 4539
    4542 4550 4540 
    4538 4537 4533 4513
    4536 4534 4535 4549
    4532 4551 4531 4529 4530
    4552 4528 4527
    4524 4526 4525
    4523 4520 4521 4515
    4517 4516 4518
    4522 4519 4514
    4508 4509 4510
    4511 4512
    
    4671 4672 4673 4674 4675 4676 4677 4678 4679 4680 4681 4682 4683 4684
    4690 4691 4692 4693 4694 4695 4696 4697 4698 4699 4700 4701 4702 4703 
    4704 4705 4706 4707 4708 4709 4710 4711 4712 4713 4714 4715 4716 4717
    4744
}